# using Age in kyr and Tanomaly (base 14C)
0.1	0.36
1.1	0.36
2.1	0.62
3.1	0.13
4.1	0.10
5.1	0.22
6.1	0.02
7.1	-0.10
8.1	-0.25
9.1	-0.13
10.1	-0.54
11.1	-0.78
12.1	-1.72
13.1	-2.13
14.1	-2.77
15.1	-3.39
16.1	-4.15
17.1	-4.53
18.1	-4.94
19.1	-4.77
20.1	-4.85
21.1	-4.62
22.1	-4.53
23.1	-4.47
24.1	-4.33
25.1	-4.36
26.1	-3.92
27.1	-4.15
28.1	-4.15
29.1	-4.09
30.1	-3.77
31.1	-3.77
32.1	-3.71
33.1	-3.65
34.1	-3.68
35.1	-3.53
36.1	-3.27
37.1	-3.30
38.1	-3.15
39.1	-3.56
40.1	-3.56
41.1	-3.45
42.1	-3.42
43.1	-3.30
44.1	-3.36
45.1	-2.92
46.1	-3.01
47.1	-3.06
48.1	-3.27
49.1	-3.30
50.1	-2.95
51.1	-2.92
52.1	-2.86
53.1	-3.24
54.1	-3.06
55.1	-2.86
56.1	-2.98
57.1	-3.21
58.1	-3.39
59.1	-3.21
60.1	-3.71
61.1	-3.45
62.1	-3.71
63.1	-3.50
64.1	-3.01
65.1	-3.36
66.1	-3.62
67.1	-3.24
68.1	-3.18
69.1	-3.33
70.1	-2.89
71.1	-2.60
72.1	-2.57
73.1	-2.62
74.1	-2.04
75.1	-1.80
76.1	-2.13
77.1	-2.18
78.1	-2.10
79.1	-2.10
80.1	-1.66
81.1	-1.42
82.1	-1.36
83.1	-1.45
84.1	-1.42
85.1	-1.80
86.1	-2.13
87.1	-2.48
88.1	-2.27
89.1	-2.18
90.1	-2.13
91.1	-2.04
92.1	-1.89
93.1	-1.66
94.1	-1.48
95.1	-1.28
96.1	-1.22
97.1	-1.45
98.1	-1.66
99.1	-1.30
100.1	-1.39
101.1	-1.72
102.1	-1.54
103.1	-1.60
104.1	-1.72
105.1	-1.51
106.1	-1.95
107.1	-2.07
108.1	-2.27
109.1	-2.30
110.1	-2.07
111.1	-2.01
112.1	-2.04
113.1	-1.74
114.1	-1.39
115.1	-1.10
116.1	-0.72
117.1	-0.60
118.1	-0.31
119.1	0.10
120.1	0.19
121.1	0.22
122.1	0.62
123.1	1.05
124.1	0.19
125.1	0.84
126.1	0.73
127.1	-0.10
128.1	-1.10
129.1	-1.66
130.1	-0.98
131.1	-1.39
132.1	-2.54
133.1	-3.15
134.1	-4.00
135.1	-4.47
136.1	-4.36
137.1	-4.30
138.1	-4.56
139.1	-4.50
140.1	-4.82
141.1	-4.33
142.1	-4.15
143.1	-4.24
144.1	-4.36
145.1	-4.12
146.1	-4.21
147.1	-4.36
148.1	-4.03
149.1	-4.15
150.1	-4.15
151.1	-3.89
152.1	-3.83
153.1	-3.77
154.1	-3.89
155.1	-3.45
156.1	-4.24
157.1	-4.12
158.1	-3.97
159.1	-3.89
160.1	-3.97
161.1	-3.86
162.1	-3.89
163.1	-4.00
164.1	-3.94
165.1	-3.94
166.1	-3.36
167.1	-3.15
168.1	-3.36
169.1	-3.42
170.1	-3.42
171.1	-3.50
172.1	-3.30
173.1	-3.06
174.1	-2.77
175.1	-2.89
176.1	-3.09
177.1	-3.30
178.1	-3.24
179.1	-3.36
180.1	-3.09
181.1	-3.30
182.1	-3.36
183.1	-3.04
184.1	-3.12
185.1	-3.68
186.1	-3.33
187.1	-3.12
188.1	-3.30
189.1	-3.09
190.1	-2.77
191.1	-2.33
192.1	-1.25
193.1	-1.72
194.1	-1.48
195.1	-1.69
196.1	-1.42
197.1	-1.19
198.1	-1.42
199.1	-0.69
200.1	-0.57
201.1	-0.57
202.1	-0.86
203.1	-0.81
204.1	-1.30
205.1	-1.42
206.1	-1.28
207.1	-1.30
208.1	-1.10
209.1	-0.89
210.1	-0.69
211.1	-0.78
212.1	-0.81
213.1	-0.92
214.1	-0.66
215.1	-0.60
216.1	-0.57
217.1	-0.42
218.1	-1.13
219.1	-1.77
220.1	-1.89
221.1	-2.62
222.1	-3.06
223.1	-3.24
224.1	-3.09
225.1	-2.77
226.1	-2.80
227.1	-2.51
228.1	-2.51
229.1	-2.01
230.1	-2.83
231.1	-2.60
232.1	-2.45
233.1	-1.86
234.1	-1.48
235.1	-1.10
236.1	-0.95
237.1	-0.40
238.1	-0.51
239.1	-0.31
240.1	-0.31
241.1	-0.60
242.1	-1.01
243.1	-1.30
244.1	-2.10
245.1	-2.45
246.1	-3.06
247.1	-2.86
248.1	-3.06
249.1	-3.01
250.1	-3.42
251.1	-3.65
252.1	-3.80
253.1	-3.48
254.1	-3.62
255.1	-3.04
256.1	-3.21
257.1	-3.56
258.1	-3.45
259.1	-3.48
260.1	-3.30
261.1	-3.48
262.1	-3.27
263.1	-3.30
264.1	-3.18
265.1	-3.24
266.1	-3.42
267.1	-3.42
268.1	-2.92
269.1	-3.48
270.1	-3.45
271.1	-3.42
272.1	-3.24
273.1	-3.24
274.1	-3.06
275.1	-3.06
276.1	-2.83
277.1	-3.24
278.1	-2.86
279.1	-2.62
280.1	-2.36
281.1	-2.57
282.1	-1.89
283.1	-1.57
284.1	-1.54
285.1	-1.48
286.1	-1.42
287.1	-1.63
288.1	-2.01
289.1	-2.13
290.1	-2.24
291.1	-2.27
292.1	-2.74
293.1	-2.60
294.1	-2.92
295.1	-2.86
296.1	-2.62
297.1	-2.83
298.1	-2.45
299.1	-2.62
300.1	-2.01
301.1	-2.13
302.1	-2.13
303.1	-1.95
304.1	-2.16
305.1	-2.16
306.1	-2.10
307.1	-1.95
308.1	-1.51
309.1	-1.54
310.1	-1.36
311.1	-1.07
312.1	-1.33
313.1	-1.04
314.1	-1.28
315.1	-0.84
316.1	-1.04
317.1	-1.63
318.1	-1.25
319.1	-0.72
320.1	-0.95
321.1	-0.57
322.1	-0.57
323.1	-0.40
324.1	0.46
325.1	0.07
326.1	0.36
327.1	0.41
328.1	0.36
329.1	0.57
330.1	0.10
331.1	0.13
332.1	-0.16
333.1	-0.13
334.1	-0.51
335.1	-1.22
336.1	-2.18
337.1	-2.62
338.1	-2.45
339.1	-3.18
340.1	-3.71
341.1	-4.41
342.1	-4.38
343.1	-4.30
344.1	-4.18
345.1	-4.27
346.1	-3.94
347.1	-3.50
348.1	-3.39
349.1	-3.77
350.1	-3.92
351.1	-3.83
352.1	-3.33
353.1	-3.33
354.1	-3.12
355.1	-3.68
356.1	-3.30
357.1	-3.56
358.1	-3.65
359.1	-3.39
360.1	-3.53
361.1	-3.42
362.1	-3.42
363.1	-3.50
364.1	-3.01
365.1	-3.30
366.1	-2.89
367.1	-3.04
368.1	-3.12
369.1	-3.06
370.1	-3.01
371.1	-2.74
372.1	-3.18
373.1	-2.80
374.1	-2.95
375.1	-2.54
376.1	-2.57
377.1	-2.54
378.1	-2.51
379.1	-2.45
380.1	-2.51
381.1	-2.39
382.1	-2.10
383.1	-2.30
384.1	-2.18
385.1	-2.36
386.1	-2.01
387.1	-1.92
388.1	-1.72
389.1	-1.63
390.1	-1.83
391.1	-1.95
392.1	-1.86
393.1	-1.54
394.1	-1.72
395.1	-1.25
396.1	-1.13
397.1	-0.40
398.1	-0.60
399.1	-0.42
400.1	0.04
401.1	0.52
402.1	0.68
403.1	0.78
404.1	0.52
405.1	1.00
406.1	0.57
407.1	0.46
408.1	0.68
409.1	0.41
410.1	0.78
411.1	0.13
412.1	0.07
413.1	-0.13
414.1	-0.22
415.1	-0.22
416.1	-0.51
417.1	-0.69
418.1	-1.22
419.1	-1.39
420.1	-1.28
421.1	-1.51
422.1	-1.77
423.1	-2.01
424.1	-1.72
425.1	-2.83
426.1	-3.42
427.1	-2.83
428.1	-4.06
429.1	-4.62
430.1	-4.82
431.1	-5.03
432.1	-5.03
433.1	-5.12
434.1	-5.12
435.1	-4.94
436.1	-5.09
437.1	-4.59
438.1	-4.27
439.1	-4.50
440.1	-4.18
441.1	-4.74
442.1	-4.77
443.1	-4.62
444.1	-4.36
445.1	-4.62
446.1	-4.36
447.1	-3.45
448.1	-4.21
449.1	-4.09
450.1	-4.15
451.1	-3.65
452.1	-4.09
453.1	-3.59
454.1	-3.71
455.1	-3.15
456.1	-3.77
457.1	-3.80
458.1	-3.56
459.1	-3.80
460.1	-3.59
461.1	-3.68
462.1	-3.74
463.1	-3.74
464.1	-3.24
465.1	-3.62
466.1	-3.30
467.1	-3.24
468.1	-3.06
469.1	-3.45
470.1	-2.92
471.1	-2.68
472.1	-2.89
473.1	-3.01
474.1	-3.09
475.1	-2.98
476.1	-2.83
477.1	-2.74
478.1	-2.60
479.1	-2.30
480.1	-2.30
481.1	-2.45
482.1	-1.98
483.1	-1.86
484.1	-1.33
485.1	-1.39
486.1	-1.25
487.1	-1.13
488.1	-0.98
489.1	-0.78
490.1	-0.60
491.1	-0.40
492.1	-0.86
493.1	-1.13
494.1	-1.45
495.1	-1.45
496.1	-1.45
497.1	-1.01
498.1	-1.42
499.1	-1.22
500.1	-1.48
501.1	-1.30
502.1	-1.22
503.1	-1.39
504.1	-1.69
505.1	-1.54
506.1	-1.98
507.1	-1.74
508.1	-2.42
509.1	-2.13
510.1	-2.36
511.1	-2.13
512.1	-2.60
513.1	-2.68
514.1	-2.24
515.1	-2.24
516.1	-1.98
517.1	-1.83
518.1	-2.16
519.1	-1.83
520.1	-1.80
521.1	-1.69
522.1	-1.60
523.1	-1.74
524.1	-1.45
525.1	-1.72
526.1	-1.86
527.1	-1.83
528.1	-1.72
529.1	-1.92
530.1	-1.86
531.1	-1.72
532.1	-1.98
533.1	-2.27
534.1	-2.74
535.1	-2.80
536.1	-3.56
537.1	-3.21
538.1	-3.53
539.1	-3.36
540.1	-3.50
541.1	-3.42
542.1	-3.27
543.1	-3.27
544.1	-3.30
545.1	-3.21
546.1	-3.45
547.1	-3.50
548.1	-3.56
549.1	-3.50
550.1	-3.42
551.1	-3.27
552.1	-3.48
553.1	-3.30
554.1	-2.80
555.1	-2.68
556.1	-3.09
557.1	-2.98
558.1	-2.68
559.1	-2.45
560.1	-2.36
561.1	-2.57
562.1	-2.36
563.1	-2.45
564.1	-1.98
565.1	-1.83
566.1	-1.54
567.1	-1.77
568.1	-1.95
569.1	-1.86
570.1	-1.69
571.1	-1.63
572.1	-0.75
573.1	-0.92
574.1	-1.16
575.1	-0.16
576.1	-0.37
577.1	-0.42
578.1	-0.48
579.1	-0.69
580.1	-1.04
581.1	-1.95
582.1	-2.33
583.1	-2.80
584.1	-2.86
585.1	-2.92
586.1	-2.48
587.1	-2.27
588.1	-2.51
589.1	-2.16
590.1	-2.21
591.1	-2.16
592.1	-2.01
593.1	-1.92
594.1	-1.66
595.1	-1.60
596.1	-1.63
597.1	-1.36
598.1	-1.92
599.1	-2.01
600.1	-2.16
602.1	-1.86
604.1	-1.28
606.1	-1.36
608.1	-1.36
610.1	-0.45
612.1	-0.54
614.1	-0.57
616.1	-0.95
618.1	-1.39
620.1	-2.21
622.1	-2.86
624.1	-3.80
626.1	-4.59
628.1	-4.91
630.1	-5.12
632.1	-5.03
634.1	-4.68
636.1	-4.88
638.1	-4.30
640.1	-4.91
642.1	-4.15
644.1	-3.94
646.1	-4.06
648.1	-4.15
650.1	-4.03
652.1	-4.27
654.1	-4.21
656.1	-3.62
658.1	-3.65
660.1	-3.83
662.1	-4.30
664.1	-3.65
666.1	-3.42
668.1	-3.86
670.1	-3.18
672.1	-3.48
674.1	-3.30
676.1	-3.12
678.1	-2.71
680.1	-2.36
682.1	-2.39
684.1	-2.04
686.1	-2.33
688.1	-1.80
690.1	-1.07
692.1	-1.10
694.1	-0.89
696.1	-0.48
698.1	-0.69
700.1	-0.92
702.1	-1.25
704.1	-1.48
706.1	-1.74
708.1	-2.04
710.1	-1.89
712.1	-2.13
714.1	-2.80
716.1	-3.74
718.1	-4.15
720.1	-3.89
722.1	-3.86
724.1	-3.24
726.1	-2.89
728.1	-2.42
730.1	-2.42
732.1	-2.01
734.1	-2.39
736.1	-2.51
738.1	-2.57
740.1	-2.27
742.1	-2.45
744.1	-3.36
746.1	-3.92
748.1	-3.68
750.1	-3.71
752.1	-3.36
754.1	-3.56
756.1	-3.68
758.1	-2.71
760.1	-2.92
762.1	-2.27
764.1	-2.77
766.1	-2.27
768.1	-2.16
770.1	-1.92
772.1	-1.57
774.1	-1.25
776.1	-0.89
778.1	-0.66
780.1	-0.42
782.1	-0.60
784.1	-0.63
786.1	-1.01
788.1	-1.07
790.1	-2.42
792.1	-2.74
794.1	-4.12
796.1	-3.92
798.1	-3.94
800.1	-3.94
802.1	-4.09
804.1	-3.56
806.1	-3.50
808.1	-3.39
810.1	-2.86
812.1	-3.06
814.1	-2.30
816.1	-2.18
818.1	-1.66
820.1	-1.83
822.1	-1.66
824.1	-1.72
826.1	-2.27
828.1	-1.80
830.1	-2.07
832.1	-2.16
834.1	-1.80
836.1	-1.42
838.1	-1.92
840.1	-2.01
842.1	-1.39
844.1	-0.98
846.1	-0.72
848.1	-0.86
850.1	-0.48
852.1	-0.92
854.1	-0.86
856.1	-0.37
858.1	-0.25
860.1	-0.34
862.1	-1.01
864.1	-0.72
866.1	-2.13
868.1	-2.89
870.1	-3.45
872.1	-3.92
874.1	-3.94
876.1	-3.97
878.1	-3.68
880.1	-3.94
882.1	-3.18
884.1	-3.33
886.1	-3.33
888.1	-3.27
890.1	-3.09
892.1	-2.89
894.1	-3.15
896.1	-3.12
898.1	-2.92
900.1	-2.80
902.1	-2.45
904.1	-2.36
906.1	-2.30
908.1	-1.92
910.1	-1.92
912.1	-2.21
914.1	-2.04
916.1	-2.13
918.1	-3.04
920.1	-3.45
922.1	-3.56
924.1	-3.21
926.1	-3.06
928.1	-2.71
930.1	-2.24
932.1	-2.16
934.1	-1.89
936.1	-2.01
938.1	-1.54
940.1	-1.63
942.1	-1.04
944.1	-0.69
946.1	-0.86
948.1	-0.42
950.1	-0.31
952.1	0.10
954.1	-0.16
956.1	0.02
958.1	-1.16
960.1	-2.42
962.1	-3.18
964.1	-3.65
966.1	-2.83
968.1	-2.57
970.1	-2.21
972.1	-1.89
974.1	-1.57
976.1	-1.28
978.1	-1.13
980.1	-1.25
982.1	-1.92
984.1	-2.39
986.1	-2.65
988.1	-2.57
990.1	-2.27
992.1	-2.13
994.1	-1.77
996.1	-1.48
998.1	-1.48
1000.1	-1.77
1002.1	-2.39
1004.1	-2.77
1006.1	-2.60
1008.1	-2.60
1010.1	-2.30
1012.1	-2.33
1014.1	-1.92
1016.1	-1.16
1018.1	-1.30
1020.1	-1.45
1022.1	-0.69
1024.1	-0.89
1026.1	-1.57
1028.1	-1.48
1030.1	-1.80
1032.1	-2.18
1034.1	-3.01
1036.1	-2.92
1038.1	-3.53
1040.1	-2.92
1042.1	-2.62
1044.1	-3.06
1046.1	-2.60
1048.1	-2.80
1050.1	-2.48
1052.1	-2.74
1054.1	-2.68
1056.1	-2.30
1058.1	-2.62
1060.1	-2.18
1062.1	-1.77
1064.1	-0.95
1066.1	-0.42
1068.1	0.02
1070.1	-0.01
1072.1	0.46
1074.1	-0.25
1076.1	-0.42
1078.1	-0.60
1080.1	-0.81
1082.1	-1.39
1084.1	-1.07
1086.1	-1.63
1088.1	-1.69
1090.1	-1.80
1092.1	-1.98
1094.1	-1.95
1096.1	-2.04
1098.1	-2.80
1100.1	-2.18
1102.1	-2.04
1104.1	-1.74
1106.1	-1.45
1108.1	-0.98
1110.1	-1.51
1112.1	-1.48
1114.1	-2.30
1116.1	-2.36
1118.1	-2.54
1120.1	-2.21
1122.1	-3.33
1124.1	-2.95
1126.1	-3.42
1128.1	-3.06
1130.1	-2.89
1132.1	-2.10
1134.1	-2.60
1136.1	-2.65
1138.1	-2.01
1140.1	-2.01
1142.1	-1.86
1144.1	-1.92
1146.1	-1.54
1148.1	-2.01
1150.1	-1.42
1152.1	-1.22
1154.1	-1.25
1156.1	-1.33
1158.1	-1.01
1160.1	-0.78
1162.1	-0.78
1164.1	-0.95
1166.1	-0.57
1168.1	-0.66
1170.1	-0.78
1172.1	-1.16
1174.1	-1.25
1176.1	-1.19
1178.1	-1.36
1180.1	-0.78
1182.1	-1.48
1184.1	-0.92
1186.1	-1.28
1188.1	-0.98
1190.1	-2.10
1192.1	-2.36
1194.1	-2.74
1196.1	-2.77
1198.1	-3.21
1200.1	-3.18
1202.1	-2.54
1204.1	-2.95
1206.1	-2.42
1208.1	-2.89
1210.1	-2.54
1212.1	-2.18
1214.1	-2.24
1216.1	-1.42
1218.1	-1.16
1220.1	-1.86
1222.1	-1.77
1224.1	-1.19
1226.1	-0.86
1228.1	-0.63
1230.1	-0.25
1232.1	-0.22
1234.1	-0.01
1236.1	-0.13
1238.1	-0.04
1240.1	0.02
1242.1	-0.40
1244.1	-1.51
1246.1	-2.24
1248.1	-3.01
1250.1	-2.86
1252.1	-2.68
1254.1	-2.74
1256.1	-2.27
1258.1	-1.66
1260.1	-1.57
1262.1	-2.16
1264.1	-1.83
1266.1	-1.69
1268.1	-1.69
1270.1	-1.48
1272.1	-1.39
1274.1	-1.48
1276.1	-1.10
1278.1	-0.98
1280.1	-0.66
1282.1	-0.92
1284.1	-1.48
1286.1	-1.86
1288.1	-2.71
1290.1	-2.98
1292.1	-2.36
1294.1	-1.77
1296.1	-2.54
1298.1	-2.39
1300.1	-2.16
1302.1	-2.13
1304.1	-1.86
1306.1	-1.66
1308.1	-1.36
1310.1	-0.92
1312.1	-1.04
1314.1	-1.10
1316.1	-0.75
1318.1	-1.16
1320.1	-1.80
1322.1	-1.77
1324.1	-1.92
1326.1	-1.95
1328.1	-2.21
1330.1	-2.13
1332.1	-2.01
1334.1	-2.51
1336.1	-2.51
1338.1	-2.24
1340.1	-2.51
1342.1	-2.16
1344.1	-1.60
1346.1	-1.54
1348.1	-0.98
1350.1	-0.75
1352.1	-0.45
1354.1	-0.22
1356.1	-0.48
1358.1	-0.63
1360.1	-0.86
1362.1	-1.36
1364.1	-1.89
1366.1	-1.92
1368.1	-2.54
1370.1	-2.07
1372.1	-2.71
1374.1	-2.57
1376.1	-2.18
1378.1	-2.54
1380.1	-2.10
1382.1	-1.83
1384.1	-1.42
1386.1	-1.13
1388.1	-0.81
1390.1	-1.16
1392.1	-0.75
1394.1	-1.07
1396.1	-0.60
1398.1	-0.45
1400.1	-0.66
1402.1	-0.86
1404.1	-1.19
1406.1	-1.86
1408.1	-1.86
1410.1	-2.54
1412.1	-3.12
1414.1	-2.60
1416.1	-1.83
1418.1	-1.48
1420.1	-1.83
1422.1	-1.45
1424.1	-1.13
1426.1	-1.13
1428.1	-0.81
1430.1	-0.54
1432.1	-0.13
1434.1	-0.13
1436.1	0.30
1438.1	0.30
1440.1	0.16
1442.1	-0.01
1444.1	0.02
1446.1	-0.07
1448.1	-0.04
1450.1	-0.45
1452.1	-1.36
1454.1	-2.54
1456.1	-2.86
1458.1	-2.65
1460.1	-2.24
1462.1	-2.16
1464.1	-2.60
1466.1	-1.92
1468.1	-1.57
1470.1	-0.84
1472.1	-0.34
1474.1	-0.13
1476.1	0.07
1478.1	-0.25
1480.1	-0.16
1482.1	-0.31
1484.1	-0.69
1486.1	-0.25
1488.1	-0.25
1490.1	-0.51
1492.1	-1.28
1494.1	-2.10
1496.1	-3.01
1498.1	-2.65
1500.1	-2.57
1502.6	-2.80
1505.1	-2.42
1507.6	-2.39
1510.1	-2.01
1512.6	-1.19
1515.1	-1.04
1517.6	-1.33
1520.1	-0.89
1522.6	-0.98
1525.1	-1.07
1527.6	-1.63
1530.1	-1.83
1532.6	-2.54
1535.1	-3.15
1537.6	-2.98
1540.1	-3.06
1542.6	-2.83
1545.1	-2.16
1547.6	-1.86
1550.1	-1.42
1552.6	-1.01
1555.1	-1.13
1557.6	-1.33
1560.1	-1.25
1562.6	-0.72
1565.1	-0.66
1567.6	-1.16
1570.1	-1.51
1572.6	-2.45
1575.1	-2.65
1577.6	-2.48
1580.1	-1.92
1582.6	-1.92
1585.1	-1.36
1587.6	-0.95
1590.1	-1.13
1592.6	-1.54
1595.1	-1.10
1597.6	-0.81
1600.1	-0.57
1602.6	-0.10
1605.1	-0.63
1607.6	-0.95
1610.1	-0.95
1612.6	-1.60
1615.1	-1.48
1617.6	-1.66
1620.1	-0.92
1622.6	-1.01
1625.1	-1.25
1627.6	-1.98
1630.1	-0.63
1632.6	-0.69
1635.1	-0.66
1637.6	-0.78
1640.1	-1.01
1642.6	-1.60
1645.1	-2.10
1647.6	-2.45
1650.1	-2.48
1652.6	-2.68
1655.1	-2.77
1657.6	-2.27
1660.1	-2.33
1662.6	-2.18
1665.1	-2.33
1667.6	-1.69
1670.1	-1.60
1672.6	-1.54
1675.1	-0.63
1677.6	-1.13
1680.1	-0.92
1682.6	-0.69
1685.1	-0.75
1687.6	-1.19
1690.1	-1.13
1692.6	-1.22
1695.1	-1.42
1697.6	-1.28
1700.1	-2.21
1702.6	-2.39
1705.1	-2.30
1707.6	-2.45
1710.1	-1.74
1712.6	-1.54
1715.1	-1.45
1717.6	-0.69
1720.1	-0.54
1722.6	-1.13
1725.1	-1.33
1727.6	-1.36
1730.1	-1.19
1732.6	-1.54
1735.1	-0.78
1737.6	-0.78
1740.1	-1.10
1742.6	-1.04
1745.1	-2.33
1747.6	-2.57
1750.1	-2.42
1752.6	-1.51
1755.1	-1.19
1757.6	-1.45
1760.1	-0.57
1762.6	-0.86
1765.1	-0.45
1767.6	-0.54
1770.1	-0.42
1772.6	-0.13
1775.1	-0.57
1777.6	-0.69
1780.1	-0.92
1782.6	-1.36
1785.1	-1.28
1787.6	-1.51
1790.1	-1.92
1792.6	-2.13
1795.1	-2.21
1797.6	-1.63
1800.1	-1.92
1802.6	-1.37
1805.1	-0.93
1807.6	-0.85
1810.1	-0.34
1812.6	-0.93
1815.1	-0.67
1817.6	-2.03
1820.1	-1.44
1822.6	-1.11
1825.1	-1.07
1827.6	-0.82
1830.1	0.03
1832.6	-0.74
1835.1	-0.93
1837.6	-0.52
1840.1	-0.52
1842.6	-0.52
1845.1	-0.67
1847.6	-1.37
1850.1	-0.71
1852.6	-0.67
1855.1	-0.49
1857.6	-0.78
1860.1	-1.70
1862.6	-2.80
1865.1	-2.69
1867.6	-1.99
1870.1	-1.92
1872.6	-1.48
1875.1	-1.51
1877.6	-1.11
1880.1	-1.26
1882.6	-0.96
1885.1	-1.18
1887.6	-0.60
1890.1	-0.93
1892.6	-0.67
1895.1	-1.15
1897.6	-0.96
1900.1	-2.17
1902.6	-1.84
1905.1	-2.14
1907.6	-1.48
1910.1	-1.40
1912.6	-1.40
1915.1	-1.00
1917.6	-0.78
1920.1	-1.00
1922.6	-0.82
1925.1	-0.27
1927.6	-0.19
1930.1	-0.30
1932.6	-0.08
1935.1	-0.34
1937.6	-0.56
1940.1	-0.30
1942.6	-2.17
1945.1	-2.21
1947.6	-2.72
1950.1	-2.47
1952.6	-2.17
1955.1	-1.70
1957.6	-1.26
1960.1	-1.59
1962.6	-1.73
1965.1	-1.15
1967.6	-0.67
1970.1	-1.18
1972.6	-0.27
1975.1	-0.45
1977.6	-0.08
1980.1	0.36
1982.6	0.17
1985.1	0.25
1987.6	-0.34
1990.1	-0.82
1992.6	-0.93
1995.1	-0.56
1997.6	-0.96
2000.1	-1.55
2002.6	-1.40
2005.1	-1.81
2007.6	-1.70
2010.1	-0.45
2012.6	-0.74
2015.1	-1.40
2017.6	-0.41
2020.1	-0.52
2022.6	-0.12
2025.1	0.72
2027.6	-0.05
2030.1	0.32
2032.6	0.25
2035.1	-0.49
2037.6	-0.74
2040.1	-0.89
2042.6	-0.71
2045.1	-1.81
2047.6	-1.29
2050.1	-1.04
2052.6	-0.71
2055.1	-0.63
2057.6	-1.07
2060.1	-1.15
2062.6	-1.66
2065.1	-2.76
2067.6	-2.76
2070.1	-2.87
2072.6	-3.13
2075.1	-2.69
2077.6	-2.65
2080.1	-1.95
2082.6	-2.06
2085.1	-1.55
2087.6	-1.66
2090.1	-1.00
2092.6	-0.74
2095.1	-0.23
2097.6	-0.12
2100.1	-0.05
2102.6	-0.45
2105.1	-0.85
2107.6	-0.74
2110.1	-0.30
2112.6	-0.27
2115.1	-0.27
2117.6	-1.07
2120.1	-0.93
2122.6	-0.93
2125.1	-0.27
2127.6	-0.16
2130.1	0.39
2132.6	0.50
2135.1	0.50
2137.6	0.32
2140.1	0.78
2142.6	-0.05
2145.1	-0.63
2147.6	-2.10
2150.1	-2.65
2152.6	-2.91
2155.1	-2.94
2157.6	-2.47
2160.1	-2.65
2162.6	-1.88
2165.1	-1.66
2167.6	-1.26
2170.1	-0.96
2172.6	-0.89
2175.1	-0.49
2177.6	-0.27
2180.1	0.25
2182.6	0.06
2185.1	0.03
2187.6	0.17
2190.1	-0.49
2192.6	-0.93
2195.1	-1.26
2197.6	-1.48
2200.1	-1.59
2202.6	-1.48
2205.1	-1.15
2207.6	-0.63
2210.1	-0.60
2212.6	-0.12
2215.1	-0.60
2217.6	-0.67
2220.1	-0.52
2222.6	-0.23
2225.1	0.14
2227.6	0.03
2230.1	-0.12
2232.6	-0.23
2235.1	-0.49
2237.6	-1.37
2240.1	-2.14
2242.6	-1.62
2245.1	-1.37
2247.6	-1.07
2250.1	-0.67
2252.6	-0.08
2255.1	0.14
2257.6	0.39
2260.1	0.92
2262.6	0.47
2265.1	-0.08
2267.6	0.21
2270.1	-0.19
2272.6	-0.27
2275.1	-1.62
2277.6	-1.37
2280.1	-1.51
2282.6	-1.77
2285.1	-1.37
2287.6	-0.96
2290.1	-0.93
2292.6	-0.12
2295.1	-0.08
2297.6	0.58
2300.1	0.54
2302.6	0.25
2305.1	0.28
2307.6	-0.01
2310.1	-0.67
2312.6	-1.00
2315.1	-1.15
2317.6	-1.18
2320.1	-1.22
2322.6	-0.63
2325.1	-0.34
2327.6	-0.78
2330.1	-0.78
2332.6	-0.34
2335.1	0.14
2337.6	0.50
2340.1	0.98
2342.6	0.36
2345.1	0.21
2347.6	0.65
2350.1	-0.56
2352.6	-1.07
2355.1	-1.37
2357.6	-1.95
2360.1	-1.81
2362.6	-1.22
2365.1	-1.62
2367.6	-0.74
2370.1	-1.07
2372.6	-0.74
2375.1	0.14
2377.6	0.17
2380.1	0.21
2382.6	0.72
2385.1	0.36
2387.6	-0.19
2390.1	-0.41
2392.6	-0.63
2395.1	0.06
2397.6	-0.12
2400.1	-0.19
2402.6	-0.89
2405.1	-0.96
2407.6	0.06
2410.1	0.50
2412.6	0.21
2415.1	0.21
2417.6	0.36
2420.1	0.28
2422.6	-0.38
2425.1	-0.23
2427.6	-0.85
2430.1	-1.84
2432.6	-2.72
2435.1	-2.43
2437.6	-2.61
2440.1	-2.14
2442.6	-2.10
2445.1	-1.92
2447.6	-1.77
2450.1	-1.11
2452.6	-0.96
2455.1	-0.08
2457.6	0.14
2460.1	0.14
2462.6	0.92
2465.1	0.65
2467.6	0.43
2470.1	0.39
2472.6	-0.01
2475.1	-0.52
2477.6	-1.00
2480.1	-1.00
2482.6	-1.95
2485.1	-2.06
2487.6	-2.69
2490.1	-1.48
2492.6	-0.82
2495.1	-0.71
2497.6	-0.01
2500.1	1.12
2502.6	0.28
2505.1	-0.19
2507.6	0.03
2510.1	-0.82
2512.6	-1.22
2515.1	-1.70
2517.6	-2.54
2520.1	-2.58
2522.6	-2.32
2525.1	-2.58
2527.6	-2.21
2530.1	-1.70
2532.6	-1.84
2535.1	-1.11
2537.6	-1.15
2540.1	-0.74
2542.6	0.28
2545.1	0.58
2547.6	1.12
2550.1	0.92
2552.6	0.54
2555.1	-0.01
2557.6	0.14
2560.1	0.21
2562.6	0.17
2565.1	-0.74
2567.6	-0.38
2570.1	-0.16
2572.6	-0.16
2575.1	0.06
2577.6	0.39
2580.1	0.78
2582.6	0.61
2585.1	1.25
2587.6	0.58
2590.1	-0.01
2592.6	-0.08
2595.1	-0.16
2597.6	-1.15
2600.1	-1.73
2602.6	-1.59
2605.1	-1.40
2607.6	-1.55
2610.1	-0.71
2612.6	-0.78
2615.1	-0.05
2617.6	-0.08
2620.1	0.58
2622.6	0.72
2625.1	0.43
2627.6	0.61
2630.1	0.78
2632.6	-0.05
2635.1	-0.08
2637.6	-0.19
2640.1	-0.85
2642.6	-1.07
2645.1	-1.51
2647.6	-0.96
2650.1	-0.30
2652.6	0.06
2655.1	0.28
2657.6	1.38
2660.1	0.78
2662.6	1.98
2665.1	0.65
2667.6	0.72
2670.1	1.05
2672.6	0.98
2675.1	0.85
2677.6	0.25
2680.1	0.21
2682.6	-0.41
2685.1	-0.93
2687.6	-1.18
2690.1	-0.67
2692.6	-0.38
2695.1	-0.67
2697.6	-0.52
2700.1	-0.67
2702.6	-0.19
2705.1	-1.33
2707.6	-1.22
2710.1	-1.00
2712.6	-1.22
2715.1	-1.62
2717.6	-1.37
2720.1	-1.37
2722.6	-1.26
2725.1	-0.85
2727.6	-0.67
2730.1	-0.16
2732.6	0.14
2735.1	0.58
2737.6	1.52
2740.1	1.12
2742.6	2.05
2745.1	1.32
2747.6	1.72
2750.1	1.45
2752.6	0.92
2755.1	1.05
2757.6	1.25
2760.1	0.58
2762.6	0.72
2765.1	0.72
2767.6	1.32
2770.1	1.45
2772.6	0.54
2775.1	0.43
2777.6	0.78
2780.1	1.12
2782.6	1.25
2785.1	1.05
2787.6	0.72
2790.1	0.92
2792.6	0.61
2795.1	0.06
2797.6	0.10
2800.1	-0.27
2802.6	-1.15
2805.1	-1.29
2807.6	-1.11
2810.1	-0.82
2812.6	-0.85
2815.1	-0.74
2817.6	-0.08
2820.1	0.17
2822.6	0.61
2825.1	1.32
2827.6	1.52
2830.1	1.25
2832.6	1.58
2835.1	1.18
2837.6	0.58
2840.1	0.32
2842.6	0.03
2845.1	0.17
2847.6	-0.27
2850.1	0.10
2852.6	0.03
2855.1	-0.05
2857.6	0.36
2860.1	1.05
2862.6	0.65
2865.1	0.21
2867.6	0.43
2870.1	0.47
2872.6	0.78
2875.1	0.78
2877.6	-0.16
2880.1	-0.19
2882.6	-0.08
2885.1	-0.27
2887.6	-0.12
2890.1	-0.23
2892.6	0.32
2895.1	0.50
2897.6	1.38
2900.1	0.85
2902.6	0.92
2905.1	0.39
2907.6	0.54
2910.1	0.58
2912.6	0.47
2915.1	-0.23
2917.6	0.06
2920.1	-0.30
2922.6	-0.27
2925.1	-0.27
2927.6	0.36
2930.1	-0.01
2932.6	-0.30
2935.1	0.43
2937.6	1.12
2940.1	1.72
2942.6	2.65
2945.1	2.65
2947.6	1.92
2950.1	2.78
2952.6	2.85
2955.1	1.25
2957.6	0.78
2960.1	1.78
2962.6	1.12
2965.1	1.25
2967.6	0.28
2970.1	0.47
2972.6	0.36
2975.1	-0.19
2977.6	-0.01
2980.1	-0.08
2982.6	0.61
2985.1	1.85
2987.6	1.32
2990.1	1.12
2992.6	0.92
2995.1	0.98
2997.6	0.85
3000.1	0.25
3005.1	-0.05
3010.1	-0.12
3015.1	-0.34
3020.1	-0.23
3025.1	0.39
3030.1	1.45
3035.1	1.72
3040.1	0.78
3045.1	0.43
3050.1	0.36
3055.1	1.38
3060.1	2.65
3065.1	1.98
3070.1	1.72
3075.1	1.65
3080.1	1.72
3085.1	2.72
3090.1	1.12
3095.1	1.12
3100.1	1.78
3105.1	1.92
3110.1	1.45
3115.1	0.85
3120.1	0.61
3125.1	0.32
3130.1	0.17
3135.1	-0.08
3140.1	0.17
3145.1	0.28
3150.1	1.25
3155.1	2.65
3160.1	2.25
3165.1	2.05
3170.1	1.38
3175.1	1.05
3180.1	1.25
3185.1	1.78
3190.1	2.65
3195.1	1.72
3200.1	2.18
3205.1	2.32
3210.1	2.18
3215.1	0.98
3220.1	1.45
3225.1	0.92
3230.1	1.45
3235.1	0.72
3240.1	2.05
3245.1	2.05
3250.1	2.12
3255.1	1.18
3260.1	1.25
3265.1	0.39
3270.1	0.58
3275.1	0.36
3280.1	0.61
3285.1	0.10
3290.1	-0.82
3295.1	-1.15
3300.1	-1.04
3305.1	0.03
3310.1	0.21
3315.1	0.85
3320.1	1.65
3325.1	0.98
3330.1	0.92
3335.1	0.65
3340.1	0.06
3345.1	0.43
3350.1	1.12
3355.1	0.85
3360.1	1.18
3365.1	1.58
3370.1	1.32
3375.1	0.28
3380.1	0.28
3385.1	0.65
3390.1	1.25
3395.1	1.78
3400.1	1.45
3405.1	1.38
3410.1	1.78
3415.1	2.38
3420.1	1.65
3425.1	0.98
3430.1	1.58
3435.1	2.98
3440.1	2.98
3445.1	2.05
3450.1	1.52
3455.1	2.12
3460.1	1.85
3465.1	0.78
3470.1	1.72
3475.1	2.85
3480.1	3.05
3485.1	2.32
3490.1	2.45
3495.1	1.92
3500.1	2.78
3505.1	2.65
3510.1	2.52
3515.1	2.05
3520.1	1.58
3525.1	1.12
3530.1	1.38
3535.1	2.25
3540.1	2.85
3545.1	2.25
3550.1	1.58
3555.1	1.52
3560.1	1.38
3565.1	1.98
3570.1	3.05
3575.1	2.72
3580.1	1.12
3585.1	1.25
3590.1	1.32
3595.1	2.38
3600.1	2.32
3605.1	1.72
3610.1	2.78
3615.1	2.05
3620.1	0.98
3625.1	0.36
3630.1	0.06
3635.1	0.50
3640.1	1.98
3645.1	2.45
3650.1	2.58
3655.1	1.38
3660.1	1.12
3665.1	0.10
3670.1	-0.08
3675.1	0.92
3680.1	1.98
3685.1	2.45
3690.1	2.85
3695.1	2.18
3700.1	1.98
3705.1	1.65
3710.1	0.54
3715.1	0.50
3720.1	2.52
3725.1	3.45
3730.1	2.32
3735.1	2.78
3740.1	2.58
3745.1	0.98
3750.1	1.78
3755.1	2.45
3760.1	2.78
3765.1	3.05
3770.1	1.72
3775.1	1.78
3780.1	1.98
3785.1	2.52
3790.1	1.92
3795.1	0.92
3800.1	2.32
3805.1	1.65
3810.1	1.98
3815.1	2.32
3820.1	2.38
3825.1	0.85
3830.1	0.61
3835.1	1.98
3840.1	3.25
3845.1	3.12
3850.1	2.98
3855.1	3.05
3860.1	3.05
3865.1	1.18
3870.1	1.25
3875.1	0.65
3880.1	2.25
3885.1	2.65
3890.1	3.05
3895.1	1.92
3900.1	2.85
3905.1	2.85
3910.1	3.18
3915.1	1.85
3920.1	1.78
3925.1	2.92
3930.1	3.05
3935.1	3.45
3940.1	2.52
3945.1	2.05
3950.1	2.18
3955.1	2.98
3960.1	3.05
3965.1	2.72
3970.1	2.25
3975.1	2.25
3980.1	1.92
3985.1	1.92
3990.1	0.72
3995.1	0.47
4000.1	0.78
4005.1	1.25
4010.1	2.58
4015.1	2.65
4020.1	1.85
4025.1	2.18
4030.1	1.52
4035.1	1.18
4040.1	0.98
4045.1	1.25
4050.1	1.92
4055.1	1.92
4060.1	1.65
4065.1	2.25
4070.1	1.78
4075.1	2.18
4080.1	2.25
4085.1	2.12
4090.1	1.85
4095.1	1.85
4100.1	3.18
4105.1	3.12
4110.1	3.18
4115.1	2.92
4120.1	2.72
4125.1	2.32
4130.1	3.52
4135.1	2.45
4140.1	2.85
4145.1	2.45
4150.1	1.58
4155.1	1.25
4160.1	1.58
4165.1	2.32
4170.1	1.92
4175.1	2.38
4180.1	3.18
4185.1	3.25
4190.1	2.65
4195.1	2.05
4200.1	1.58
4205.1	2.05
4210.1	2.32
4215.1	3.32
4220.1	2.32
4225.1	2.45
4230.1	2.92
4235.1	2.12
4240.1	2.12
4245.1	1.92
4250.1	2.38
4255.1	1.65
4260.1	2.65
4265.1	2.58
4270.1	3.12
4275.1	1.92
4280.1	2.98
4285.1	2.65
4290.1	2.18
4295.1	2.12
4300.1	2.05
4305.1	3.12
4310.1	3.25
4315.1	3.32
4320.1	3.38
4325.1	3.45
4330.1	2.32
4335.1	3.32
4340.1	4.12
4345.1	3.18
4350.1	3.38
4355.1	3.05
4360.1	2.12
4365.1	1.85
4370.1	2.65
4375.1	3.05
4380.1	2.45
4385.1	3.92
4390.1	3.45
4395.1	2.72
4400.1	2.38
4405.1	1.78
4410.1	2.12
4415.1	1.45
4420.1	2.52
4425.1	2.72
4430.1	3.12
4435.1	2.85
4440.1	3.12
4445.1	2.98
4450.1	2.12
4455.1	2.65
4460.1	3.32
4465.1	3.32
4470.1	3.18
4475.1	3.25
4480.1	2.65
4485.1	2.85
4490.1	1.65
4495.1	1.65
4500.1	1.52
4505.1	1.85
4510.1	2.78
4515.1	2.38
4520.1	3.72
4525.1	2.25
4530.1	2.05
4535.1	1.72
4540.1	3.18
4545.1	3.58
4550.1	3.12
4555.1	2.98
4560.1	2.18
4565.1	2.78
4570.1	2.45
4575.1	1.25
4580.1	1.58
4585.1	1.65
4590.1	2.32
4595.1	2.32
4600.1	2.45
4605.1	1.72
4610.1	1.38
4615.1	1.98
4620.1	2.05
4625.1	2.25
4630.1	2.18
4635.1	2.65
4640.1	2.65
4645.1	2.78
4650.1	1.72
4655.1	1.45
4660.1	3.12
4665.1	2.52
4670.1	3.25
4675.1	2.85
4680.1	3.25
4685.1	1.92
4690.1	1.18
4695.1	1.78
4700.1	1.45
4705.1	2.52
4710.1	2.85
4715.1	2.12
4720.1	2.65
4725.1	1.45
4730.1	1.38
4735.1	1.72
4740.1	2.92
4745.1	2.58
4750.1	2.05
4755.1	3.25
4760.1	2.85
4765.1	2.32
4770.1	0.98
4775.1	1.18
4780.1	2.32
4785.1	2.38
4790.1	2.78
4795.1	2.58
4800.1	2.38
4805.1	2.38
4810.1	1.32
4815.1	1.32
4820.1	2.12
4825.1	3.45
4830.1	3.32
4835.1	2.58
4840.1	2.05
4845.1	0.72
4850.1	0.47
4855.1	1.78
4860.1	1.92
4865.1	2.45
4870.1	3.12
4875.1	3.25
4880.1	2.92
4885.1	1.12
4890.1	0.58
4895.1	0.47
4900.1	1.32
4905.1	2.12
4910.1	3.32
4915.1	3.32
4920.1	2.58
4925.1	3.85
4930.1	2.92
4935.1	2.12
4940.1	1.85
4945.1	2.12
4950.1	1.98
4955.1	3.38
4960.1	3.25
4965.1	2.92
4970.1	2.78
4975.1	2.72
4980.1	1.18
4985.1	2.65
4990.1	4.05
4995.1	3.32
5000.1	3.72
5005.1	2.65
5010.1	2.72
5015.1	3.18
5020.1	4.05
5025.1	4.05
5030.1	3.85
5035.1	3.72
5040.1	1.92
5045.1	1.18
5050.1	2.05
5055.1	1.92
5060.1	3.32
5065.1	2.98
5070.1	2.78
5075.1	4.38
5080.1	3.78
5085.1	3.58
5090.1	4.58
5095.1	3.12
5100.1	2.32
5105.1	2.05
5110.1	2.85
5115.1	3.25
5120.1	3.65
5125.1	4.18
5130.1	4.45
5135.1	4.65
5140.1	2.72
5145.1	2.98
5150.1	3.05
5155.1	2.92
5160.1	3.52
5165.1	2.65
5170.1	2.18
5175.1	0.92
5180.1	1.58
5185.1	2.18
5190.1	2.32
5195.1	3.52
5200.1	3.25
5205.1	2.32
5210.1	2.58
5215.1	3.18
5220.1	3.38
5225.1	2.78
5230.1	2.45
5235.1	3.85
5240.1	2.85
5245.1	2.52
5250.1	1.92
5255.1	1.72
5260.1	2.25
5265.1	2.45
5270.1	3.65
5275.1	3.05
5280.1	3.05
5285.1	3.65
5290.1	2.85
5295.1	2.52
5300.1	2.92
5305.1	3.72
5310.1	3.72
5315.1	3.38
5320.1	2.92
